



ANALIZAMOS:['989557534162870273', '2614075158']


['1103950234181341184', '73067625', '2019-03-08 09:27:00', '"Celebramos el Día internacional de la Mujer a las 11:00h en nuestra sede con la lectura del manifiesto! #8M https://t.co/WQOoCxGPbD"']
['1103993838476103681', '3165163114', '2019-03-08 12:20:16', '"En Granada las mujeres no necesitan que vuELva un líder a decirles lo que tienen que hacer.#FelizDiaDeLaMujer #8M https://t.co/7teuDqVwkg"']
['1103966576842362880', '378697913', '2019-03-08 10:31:57', '"Hoy celebramos el día Internacional de la mujer! Son muchas las mujeres del @ppgranada que ofrecen su tiemp https://t.co/u6BZmzg7ru"']
['1104705364627521537', '3165163114', '2019-03-10 11:27:38', '"Que no te engañen. Gritan feminismo, pero te quieren dependiente. Humillada.#FelizDomingo https://t.co/dAi7t13xes"']
['1103680774891544577', '149064381', '2019-03-07 15:36:16', '"En Andalucía tenemos una doble discriminación: una por ser mujer y otra por los 40 años de gobiernos socialistas.H https://t.co/QthW93cbtR"']
['1103948852606971904', '3165163114', '2019-03-08 09:21:31', '"San Juan de Dios: La verdadera igualdad.Muchas felicidades por su patrón a bomberos y personal sanitario. https://t.co/Y9jZeDtRKC"']
['1103605092048093184', '20509689', '2019-03-07 10:35:32', '"El #8M tiene que ser el día de todas las mujeres, un día en el que nos unamos en una causa común y que no sea una j https://t.co/CpNRzXqQRJ"']
['1101475809129316353', '3165163114', '2019-03-01 13:34:31', '"Los que se las dan de defensores de las mujeres...#TiempoDeMujeres #8M #FelizFinde #BienvenidoMarzo @PsoeGranada https://t.co/FcIDNov7lL"']
['1102864541183021058', '20509689', '2019-03-05 09:32:51', '"Somos la garantía de la igualdad entre hombres y mujeres, siempre. Que no hablen por nosotras. Muchos dicen, noso https://t.co/6G7Ee9SPc2"']
['1103971339277340672', '73067625', '2019-03-08 10:50:52', '"Hoy celebramos el Día Internacional de la mujer! Por todas las mujeres del @ppgranada que cada día trabajan por nue https://t.co/stOpBTWb4P"']

Log por tiempo
('2019-03-01 13:39:31', '1101475809129316353', '989557534162870273')
('2019-03-01 14:21:28', '1101475809129316353', '2614075158')
('2019-03-05 10:01:53', '1102864541183021058', '2614075158')
('2019-03-05 10:02:52', '1102864541183021058', '989557534162870273')
('2019-03-07 10:45:42', '1103605092048093184', '989557534162870273')
('2019-03-07 11:49:33', '1103605092048093184', '2614075158')
('2019-03-07 15:39:44', '1103680774891544577', '2614075158')
('2019-03-07 15:48:25', '1103680774891544577', '989557534162870273')
('2019-03-08 09:26:14', '1103948852606971904', '989557534162870273')
('2019-03-08 09:30:31', '1103950234181341184', '989557534162870273')
('2019-03-08 09:56:23', '1103950234181341184', '2614075158')
('2019-03-08 10:00:01', '1103948852606971904', '2614075158')
('2019-03-08 10:34:03', '1103966576842362880', '989557534162870273')
('2019-03-08 10:54:18', '1103971339277340672', '989557534162870273')
('2019-03-08 11:49:24', '1103966576842362880', '2614075158')
('2019-03-08 11:51:07', '1103971339277340672', '2614075158')
('2019-03-08 12:23:58', '1103993838476103681', '989557534162870273')
('2019-03-08 12:47:05', '1103993838476103681', '2614075158')
('2019-03-10 11:34:07', '1104705364627521537', '989557534162870273')
('2019-03-10 17:27:27', '1104705364627521537', '2614075158')
Log por tweet
('1101475809129316353', '2019-03-01 13:39:31', '989557534162870273')
('1101475809129316353', '2019-03-01 14:21:28', '2614075158')
('1102864541183021058', '2019-03-05 10:01:53', '2614075158')
('1102864541183021058', '2019-03-05 10:02:52', '989557534162870273')
('1103605092048093184', '2019-03-07 10:45:42', '989557534162870273')
('1103605092048093184', '2019-03-07 11:49:33', '2614075158')
('1103680774891544577', '2019-03-07 15:39:44', '2614075158')
('1103680774891544577', '2019-03-07 15:48:25', '989557534162870273')
('1103948852606971904', '2019-03-08 09:26:14', '989557534162870273')
('1103948852606971904', '2019-03-08 10:00:01', '2614075158')
('1103950234181341184', '2019-03-08 09:30:31', '989557534162870273')
('1103950234181341184', '2019-03-08 09:56:23', '2614075158')
('1103966576842362880', '2019-03-08 10:34:03', '989557534162870273')
('1103966576842362880', '2019-03-08 11:49:24', '2614075158')
('1103971339277340672', '2019-03-08 10:54:18', '989557534162870273')
('1103971339277340672', '2019-03-08 11:51:07', '2614075158')
('1103993838476103681', '2019-03-08 12:23:58', '989557534162870273')
('1103993838476103681', '2019-03-08 12:47:05', '2614075158')
('1104705364627521537', '2019-03-10 11:34:07', '989557534162870273')
('1104705364627521537', '2019-03-10 17:27:27', '2614075158')


