



ANALIZAMOS:['1606613731', '498845229']


['1104216486145454081', '89609775', '2019-03-09 03:05:00', '"En mi carácter de vocal  participé en la Sesión Ordinaria del Sistema Estatal para la Igualdad entre Mujeres y Homb https://t.co/E6LXLCWjBR"']
['1104175851615252484', '2292042456', '2019-03-09 00:23:32', '"En la Cámara Mexicana de la Industria de la Construcción (CMIC) Delegación Oaxaca, nuestra diputada federal Maribel https://t.co/xLdn0O6rBf"']
['1103431181406744577', '2292042456', '2019-03-06 23:04:29', '"#8demarzo #DíaInternacionaldelaMujer #DíadelaMujer¡Se conmemora, no se celebra!Conversatorio sobre:-Programa pil https://t.co/zYZbyiRGCc"']
['1104439043025260546', '2292042456', '2019-03-09 17:49:21', '"El gran #EquipoPT conmemoró el Día Internacional de la Mujer #DíadelaMujer #8M con ejemplares ejercicios de análisi https://t.co/LMExstm4em"']
['1104058403339538435', '292737321', '2019-03-08 16:36:50', '"Conmemorar el #DíaInternacionalDeLaMujer representa un compromiso que asumo con responsabilidad, seguiremos trabaja https://t.co/eblkSFKIJ9"']
['1104383964960120833', '90271419', '2019-03-09 14:10:30', '"En #CuilápamdeGuerrero conmemoramos el Día Internacional de la Mujer #DíadelaMujer #8M con un importante Foro donde https://t.co/9zYfVuz1lt"']
['1104816552107360256', '90271419', '2019-03-10 18:49:27', '"El gran #EquipoPT conmemoró el Día Internacional de la Mujer #8M con ejemplares ejercicios de análisis y propuestas https://t.co/SmvrZrcQ5g"']
['1104209410379792385', '90271419', '2019-03-09 02:36:53', '"En la Cámara Mexicana de la Industria de la Construcción (CMIC) Delegación #Oaxaca inicié la intensa e importante j https://t.co/qRJsuWOMMG"']
['1104182693451968514', '2292042456', '2019-03-09 00:50:43', '"En #CuilápamdeGuerrero conmemoramos el Día Internacional de la Mujer #DíadelaMujer #8M con un importante Foro donde https://t.co/Qgo5Bvz4iY"']

Log por tiempo
('2019-03-06 23:05:01', '1103431181406744577', '1606613731')
('2019-03-06 23:05:23', '1103431181406744577', '498845229')
('2019-03-09 00:25:26', '1104058403339538435', '498845229')
('2019-03-09 00:25:29', '1104175851615252484', '498845229')
('2019-03-09 00:26:16', '1104058403339538435', '1606613731')
('2019-03-09 00:26:19', '1104175851615252484', '1606613731')
('2019-03-09 01:06:07', '1104182693451968514', '1606613731')
('2019-03-09 01:08:20', '1104182693451968514', '498845229')
('2019-03-09 05:30:21', '1104216486145454081', '1606613731')
('2019-03-09 05:30:27', '1104209410379792385', '1606613731')
('2019-03-09 05:46:22', '1104216486145454081', '498845229')
('2019-03-09 05:46:28', '1104209410379792385', '498845229')
('2019-03-09 17:58:26', '1104439043025260546', '1606613731')
('2019-03-09 17:58:34', '1104383964960120833', '1606613731')
('2019-03-09 18:00:36', '1104439043025260546', '498845229')
('2019-03-09 18:00:45', '1104383964960120833', '498845229')
('2019-03-10 22:59:24', '1104816552107360256', '1606613731')
('2019-03-10 23:01:13', '1104816552107360256', '498845229')
Log por tweet
('1103431181406744577', '2019-03-06 23:05:01', '1606613731')
('1103431181406744577', '2019-03-06 23:05:23', '498845229')
('1104058403339538435', '2019-03-09 00:25:26', '498845229')
('1104058403339538435', '2019-03-09 00:26:16', '1606613731')
('1104175851615252484', '2019-03-09 00:25:29', '498845229')
('1104175851615252484', '2019-03-09 00:26:19', '1606613731')
('1104182693451968514', '2019-03-09 01:06:07', '1606613731')
('1104182693451968514', '2019-03-09 01:08:20', '498845229')
('1104209410379792385', '2019-03-09 05:30:27', '1606613731')
('1104209410379792385', '2019-03-09 05:46:28', '498845229')
('1104216486145454081', '2019-03-09 05:30:21', '1606613731')
('1104216486145454081', '2019-03-09 05:46:22', '498845229')
('1104383964960120833', '2019-03-09 17:58:34', '1606613731')
('1104383964960120833', '2019-03-09 18:00:45', '498845229')
('1104439043025260546', '2019-03-09 17:58:26', '1606613731')
('1104439043025260546', '2019-03-09 18:00:36', '498845229')
('1104816552107360256', '2019-03-10 22:59:24', '1606613731')
('1104816552107360256', '2019-03-10 23:01:13', '498845229')






ANALIZAMOS:['989557534162870273', '2614075158']


['1103950234181341184', '73067625', '2019-03-08 09:27:00', '"Celebramos el Día internacional de la Mujer a las 11:00h en nuestra sede con la lectura del manifiesto! #8M https://t.co/WQOoCxGPbD"']
['1103993838476103681', '3165163114', '2019-03-08 12:20:16', '"En Granada las mujeres no necesitan que vuELva un líder a decirles lo que tienen que hacer.#FelizDiaDeLaMujer #8M https://t.co/7teuDqVwkg"']
['1103966576842362880', '378697913', '2019-03-08 10:31:57', '"Hoy celebramos el día Internacional de la mujer! Son muchas las mujeres del @ppgranada que ofrecen su tiemp https://t.co/u6BZmzg7ru"']
['1104705364627521537', '3165163114', '2019-03-10 11:27:38', '"Que no te engañen. Gritan feminismo, pero te quieren dependiente. Humillada.#FelizDomingo https://t.co/dAi7t13xes"']
['1103680774891544577', '149064381', '2019-03-07 15:36:16', '"En Andalucía tenemos una doble discriminación: una por ser mujer y otra por los 40 años de gobiernos socialistas.H https://t.co/QthW93cbtR"']
['1103948852606971904', '3165163114', '2019-03-08 09:21:31', '"San Juan de Dios: La verdadera igualdad.Muchas felicidades por su patrón a bomberos y personal sanitario. https://t.co/Y9jZeDtRKC"']
['1103605092048093184', '20509689', '2019-03-07 10:35:32', '"El #8M tiene que ser el día de todas las mujeres, un día en el que nos unamos en una causa común y que no sea una j https://t.co/CpNRzXqQRJ"']
['1101475809129316353', '3165163114', '2019-03-01 13:34:31', '"Los que se las dan de defensores de las mujeres...#TiempoDeMujeres #8M #FelizFinde #BienvenidoMarzo @PsoeGranada https://t.co/FcIDNov7lL"']
['1102864541183021058', '20509689', '2019-03-05 09:32:51', '"Somos la garantía de la igualdad entre hombres y mujeres, siempre. Que no hablen por nosotras. Muchos dicen, noso https://t.co/6G7Ee9SPc2"']
['1103971339277340672', '73067625', '2019-03-08 10:50:52', '"Hoy celebramos el Día Internacional de la mujer! Por todas las mujeres del @ppgranada que cada día trabajan por nue https://t.co/stOpBTWb4P"']

Log por tiempo
('2019-03-01 13:39:31', '1101475809129316353', '989557534162870273')
('2019-03-01 14:21:28', '1101475809129316353', '2614075158')
('2019-03-05 10:01:53', '1102864541183021058', '2614075158')
('2019-03-05 10:02:52', '1102864541183021058', '989557534162870273')
('2019-03-07 10:45:42', '1103605092048093184', '989557534162870273')
('2019-03-07 11:49:33', '1103605092048093184', '2614075158')
('2019-03-07 15:39:44', '1103680774891544577', '2614075158')
('2019-03-07 15:48:25', '1103680774891544577', '989557534162870273')
('2019-03-08 09:26:14', '1103948852606971904', '989557534162870273')
('2019-03-08 09:30:31', '1103950234181341184', '989557534162870273')
('2019-03-08 09:56:23', '1103950234181341184', '2614075158')
('2019-03-08 10:00:01', '1103948852606971904', '2614075158')
('2019-03-08 10:34:03', '1103966576842362880', '989557534162870273')
('2019-03-08 10:54:18', '1103971339277340672', '989557534162870273')
('2019-03-08 11:49:24', '1103966576842362880', '2614075158')
('2019-03-08 11:51:07', '1103971339277340672', '2614075158')
('2019-03-08 12:23:58', '1103993838476103681', '989557534162870273')
('2019-03-08 12:47:05', '1103993838476103681', '2614075158')
('2019-03-10 11:34:07', '1104705364627521537', '989557534162870273')
('2019-03-10 17:27:27', '1104705364627521537', '2614075158')
Log por tweet
('1101475809129316353', '2019-03-01 13:39:31', '989557534162870273')
('1101475809129316353', '2019-03-01 14:21:28', '2614075158')
('1102864541183021058', '2019-03-05 10:01:53', '2614075158')
('1102864541183021058', '2019-03-05 10:02:52', '989557534162870273')
('1103605092048093184', '2019-03-07 10:45:42', '989557534162870273')
('1103605092048093184', '2019-03-07 11:49:33', '2614075158')
('1103680774891544577', '2019-03-07 15:39:44', '2614075158')
('1103680774891544577', '2019-03-07 15:48:25', '989557534162870273')
('1103948852606971904', '2019-03-08 09:26:14', '989557534162870273')
('1103948852606971904', '2019-03-08 10:00:01', '2614075158')
('1103950234181341184', '2019-03-08 09:30:31', '989557534162870273')
('1103950234181341184', '2019-03-08 09:56:23', '2614075158')
('1103966576842362880', '2019-03-08 10:34:03', '989557534162870273')
('1103966576842362880', '2019-03-08 11:49:24', '2614075158')
('1103971339277340672', '2019-03-08 10:54:18', '989557534162870273')
('1103971339277340672', '2019-03-08 11:51:07', '2614075158')
('1103993838476103681', '2019-03-08 12:23:58', '989557534162870273')
('1103993838476103681', '2019-03-08 12:47:05', '2614075158')
('1104705364627521537', '2019-03-10 11:34:07', '989557534162870273')
('1104705364627521537', '2019-03-10 17:27:27', '2614075158')


